"Atrial cardiomyocytes","Capillary endothelium","Cardiac neural crest cells & Schwann progenitor cells","Endothelium / pericytes / adventitia","Epicardial cells","Epicardium-derived cells","Fibroblast-like (related to cardiac skeleton connective tissue)","Fibroblast-like (related to larger vascular development)","Fibroblast-like (related to smaller vascular development)","Myoz2-enriched cardiomyocytes","Smooth muscle cells / fibroblast-like)","Ventricular cardiomyocytes"
"TBX5",0.0315200171794036,0.00278089196885939,0.0097173532866631,0,0.014257354917057,0.002511417332936,0.00990792599483644,0.0052585046940759,0.00207451273080312,0.00582436644873119,0.0134832371681125,0.00697312617967808
"PAM",0.10728696134217,0.0459801189284346,0.0175010178878911,0.0908765768906859,0.00722275972013006,0.00328664938389715,0.0122519682660905,0.0113355532015032,0.00674628824014928,0.00398648630835739,0.00523070888474842,0.0118594972284423
"ISL1",0.000777832489759801,8.51207816092338e-05,0,0,0.00115935264652944,0,0.000297507510637478,0.000262689894312509,5.46872405089103e-05,0,0.00292858815438969,0
"TPM1",0.0262190819615742,0.00688412604091598,0.0207580029764556,0.0100831732121545,0.0220504569037578,0.00575691670306338,0.0113920633356899,0.0125037023393986,0.00583423542489186,0.0353521979129243,0.0136484361393285,0.0271728383632718
"NPPA",0.118323346977086,0.00796794190540341,0.0344687465318559,0.017580821650604,0.00207650010352489,0.00246858696278182,0.00315972686377463,0.00339402005547705,0.0023357662656059,0.0398114404520757,0.0025999647493965,0.040178823453886
"SLC8A1",0.0195111781260348,0.00137644813752392,0.0482241413271213,0.0021642860438838,0.00139440797640319,0.000977301935683943,0.00207161871805731,0.00568729783190097,0.000884756173152172,0.00191939994679862,0.00245383547031,0.0225822165928329
"MYOM1",0.024150680221592,0.00139364344615099,0.00603250173671944,0.00542701581223963,0.00092379178016225,0.00061695605308158,0.000994251627474606,0.00247003527874961,0.000440314528015694,0.00254176456902624,0.00102793839712237,0.029906132840381
"TNNI1",0.0295773069436253,0.00470128405251962,0.017955719229595,0.00915504046896298,0.017490776451924,0.00168010522892333,0.00220736719127588,0.00337730114338526,0.00185324066335487,0.0368801296228391,0.00213757281454652,0.0340707225433033
"MYOZ2",0.020591689837514,0.00337906041781589,0.019179736140815,0.00470672853508454,0.000467672087525835,0.00141351351267716,0.000882752781507263,0.00186940475548991,0.00139436906302079,0.0508992534679566,0.00076945502524105,0.0221862688977106
"MYH6",0.143086197006672,0.00259095630635365,0.00658796934930271,0.00455805070389043,0.00142158666254537,0.00120003139240381,0.0016805401974246,0.00090165171688403,0.000760183697571352,0.00543169041970149,0.0018836086188926,0.00391923472703647
"LDB3",0.0346664302438143,0.00235626701316666,0.00977085171682238,0.00319556899220576,0.000907120154564747,0.000833861608633387,0.00052518812824161,0.000816735750784906,0.000701982041736865,0.00963932475587229,0.00109368871780328,0.0289868746457054
"MYBPC3",0.0707485433885047,0.00540035432890776,0.0162896549476626,0.00917484027862748,0.00199555642008316,0.00134826439942024,0.00163435039171417,0.00382022552260919,0.00275190017639143,0.00896823111320736,0.00147684810433436,0.0702093410213593
"HSPB7",0.0260451246925322,0.00420814987616458,0.0162231878196562,0.00612230387750952,0.0131281550897489,0.00254670751689229,0.00491311255369052,0.00368352695874388,0.00193292564775861,0.0430514565922995,0.00319990557120396,0.0350621040154209
"SORBS2",0.0204271011849933,0.0029267861537709,0.00807379815582129,0.00945472259023054,0.0101902413404176,0.00288873894062829,0.00801981590991314,0.00229060560164334,0.00155134742884861,0.00541039808281958,0.00163231316736438,0.0444964347622163
"COL3A1",0.017892221557214,0.38410202043819,0.030882579473325,0.0432290609279886,0.0407480066277996,0.108261614606934,0.0996026234116951,0.207806311722975,0.147418181007647,0.000994753359486934,0.104631204589144,0.00347410301339701
"ELN",0.0104507893140232,0.0775115613247493,0.0457967005906205,0.0104467660484458,0.00612767103478934,0.0303947620031965,0.0445371405773509,0.0321488797909205,0.0207867917369132,0.00015935115111703,0.12021119164714,0.000916541944941779
"CRABP2",0.00348250723298257,0.089339787821453,0.0134129373028578,0.00327073465287748,0.0231731399863901,0.0354221383610556,0.0499993565758704,0.00393000053333559,0.00693691887838789,0.0028592273012068,0.110980938790367,0.00994207835283331
"GJA4",0.000535123501163068,0.182892423891273,0.00347588491469811,0.258623527767106,0.000921134227394425,0.000575935287664689,0.000656445457569079,0.0209976220898356,0.000312737130642453,0,0.000742552836169897,0.00036020785975052
"CLU",0.000195906279738861,0.00564724465794621,0.00111569414972966,0.00164055171872086,0.00155023857583846,0.000392179727131435,0.0107802935179094,0.000447640803085411,0.000866873140221076,9.94435018722644e-05,0.000983848612859987,0.000691758093270027
"ALDH1A1",0.000216859813031857,0.00253245541634458,0.008984122612134,0.000986040635153357,0.000311386862733289,0.000194035821034857,0.000264111227706276,4.80281486297496e-05,4.61162388243799e-05,3.93074185437172e-05,0.0027111788527484,4.32543278256793e-05
"FAM46C",0.000191135373733289,0.00204033176034665,0,0.000871433253243988,0.00223947572289068,0.00030874255512394,0.000197797475086491,0,0.00017927200400927,0,0.000124239730014196,0.000745378585003001
"TMEM100",0.000943797875960935,0.151211443587115,0,0.00733624166204225,0,0.000465912721676431,0.0032384178672696,0.000767627734606788,0.000874025365472432,9.52327079434558e-05,0.000752161253337455,0.00359510590081732
"NAV1",0.00253192475434662,0.0191403837946301,0.0596681354234595,0.0642710552740924,0.000591953066425726,0.00107886622645152,0.00251954248256716,0.0105409529706344,0.00399858315193227,0.00147131792329012,0.00200205229174331,0.0179374525228402
"SLC39A8",0.00152124552627091,0.00491179753581654,0.0223961998822774,0.00898025408036239,0.00324293954589826,0.000842941669567214,0.000789047435913823,0.00237291026618026,0.000654280890869762,0.000239111813257389,0.000475524764100958,0.00172458642535707
"TOP2A",0.00618565311917386,0.0111666470719457,0.0800016933624283,0.0551119314014402,0.00281537760261099,0.00748101537310698,0.0202216568456357,0.0281967158341789,0.0225989735861735,0.00413455554451374,0.0206155110074747,0.0064100380484903
"COL9A2",0.000526111114833785,0.000663196407222692,0.00801282778231324,0.00104575169228871,0.0010333506775422,0.000604702124524635,0.0212290719792848,0.000456964751633076,0.000808797004779035,0,0.00151290144816699,7.5254148897578e-05
"STMN2",0,0.00332357228196748,0.0241260254447304,0.00373985513149156,0.000829226876238161,0.000296665854770654,0.000709182738715068,0.00065356880074734,0.00040282691238467,0,0.00756332541796082,4.42992465595962e-05
"FAM210B",0.00395825843381257,0.0174352871599618,0.0293047635877419,0.0490486221545589,0.00967640006443298,0.00560188689250471,0.0113074629749239,0.0134335411804106,0.00703869802004827,0.00218155254167342,0.00620456431232681,0.00600917074405184
"NUSAP1",0.00905212330845202,0.0202962044893102,0.0984411666892795,0.106334499305572,0.00630515795172971,0.0115599152603382,0.0296589018405568,0.0373191730232877,0.0309291227619522,0.0188140488082768,0.0274404444185894,0.0131976417777869
"FABP3",0.015886462786542,0.00365984836811635,0.0535227490587672,0.00623261991782579,0.00284497755067438,0.00135689954240394,0.00229394156091832,0.00232180581454172,0.00180416971707164,0.0455327678047741,0.00124357086680789,0.0251899299069265
"MYL2",0.0038206745474283,0.0157285533592354,0.0702433132388591,0.026172112588203,0.00422899811550763,0.00519889316462554,0.00452063405997528,0.0102843326205627,0.00880906731401917,0.176456593749578,0.0014869825928293,0.122704058549495
"MT2A",0.000778276843541529,0.00505747520586293,0.0355989791419821,0.0238133318260448,0.000645239235320718,0.000807622343685002,0.00145110713478686,0.0232244564443263,0.00184035280862563,0.000778778241327277,0.000477032852636686,0.00210122637401729
"MT1F",0.000588988148094711,0.00123205939627364,0.0108734215251798,0.000179768595441745,0,0.000177500475755616,0.000140596437167668,0.000562910874935555,7.40221975447557e-05,0.000543991721262706,6.20865289859847e-05,0.000344235302945156
"CDK1",0.00376637787719525,0.00948458788802086,0.0399168740259964,0.0417152310326917,0.00505533910697358,0.00456276534562089,0.0100486820980755,0.0131957061024018,0.0100380034910936,0.00924410611961914,0.00778322016354768,0.00310777812525397
"NOV",0.000107724287908548,0.000990292421684879,0.00150151238154913,0.000840878224445133,0,0.000206719930914963,0.00517925491251698,0.000186964856939318,0.000202138720993002,0,0.00113790470512613,2.09426069685898e-05
"CLDN5",0.000298935942630243,0.00485357498534593,0,0.277520098447779,9.11311458530471e-05,0.000217283203208861,8.81075576897114e-05,0.00105005568951943,0.000101047138077191,0,8.27519478946038e-05,0.000217017920938363
"TM4SF18",0.000166292714849542,0.00217974114948988,0,0.168968051718952,0.000132800676185242,6.79976502587019e-05,4.30067365990194e-05,0,5.70935183976921e-05,0,4.81317972369857e-05,3.7787174897081e-05
"CPE",0.00520246188765837,0.00750702624758071,0.0071905109225,0.00243873468598094,0.0538199208996354,0.0121156174827741,0.00957229340863754,0.0182801266400113,0.0066493069509382,0.000214063724444236,0.0692223590179567,0.000217814309818358
"LRRN3",0.000878839785412187,0.00101860381128889,0,0.000671895307418996,0.00795404978341553,0.0121128280252502,0.00515781049731035,0.00268418965890107,0.00386200254492484,2.2087917435425e-05,0.0019321444979881,0.000339684769114672
"MYRF",0.00217329606346494,0.00224611300934476,0,0,0.13619161043159,0.00757349584539275,0.00903767260952692,0.00714754741990806,0.00232847714860518,0.000259317408756748,0.00667493266869261,0.00290870681295439
"TBX18",0.007361175105019,0.0019464953845663,0.0235873577480764,0.00295137108959914,0.11750899413452,0.0242339381250909,0.00806076885177565,0.0195684378925075,0.0135286789544541,0,0.00986206348759349,0.000484016687529283
"TNNT1",0.000330234355884135,0.000580386869454732,0.00347097218510776,0.00142894364798428,0.109113247671323,0.00250458367941455,0.000854356144618386,0.000290494259340528,0.000229377249689685,6.09416403134534e-05,0.000467094643847007,0.000514070462206232
"PCSK1N",0.000709739815548476,0.000354357241999063,0,0,0.00137578052748928,0.000108942695743183,0.00185901509026262,0,0,3.51607664233231e-05,0.00177029519507594,3.24344295605119e-05
"SBSPON",0.000225934974204556,0.0018703116464449,0,0.000468819065184117,0.0544907661692071,0.000293773076792581,8.21252407572071e-05,0.000718086369178769,7.82113348410826e-05,0.000229121743204211,0.000513534470786615,0.000741008722434032
"ITLN1",0.000136219769135992,0.00264884807712823,0.00252060508120434,0.00222587159931117,0.227845338719931,0.000211868538649168,0.000614508106715613,0.000520518293600864,0.000231461419149403,0.000173636514875083,0.000268144307577916,0.000238840852906634
"EFNA5",9.65156198695433e-05,5.23713280231409e-05,0,0.000217455633858318,0.00077839109542692,0.000294941541194129,0.00016315099251887,0.000124317529730429,0.000151465315792801,8.36124768884008e-06,0.0010670545131151,4.72385363492324e-05
"COL1A1",0.0206361527623583,0.0389746833980167,0.0432053514863467,0.00930423673990339,0.0624301982693329,0.223379913389883,0.1814939752166,0.201156207131061,0.205085617361611,0.000755873919577515,0.158165005346965,0.0048415464234182
"MFAP2",0.00743861346208153,0.0527713655927091,0.0355310160539192,0.0504082966246396,0.0540705749959533,0.0840787738154313,0.108715209745674,0.0621488415425072,0.0493986287788651,0.000527041580118779,0.0864817165630415,0.0068652804583909
"COL1A2",0.0210087602581795,0.146856876447637,0.055547547174633,0.111091801239965,0.0416506167522614,0.194810320453831,0.20084450342365,0.204905198170771,0.194084628092848,0.00199361729708562,0.166192505845793,0.00379336090161823
"PTN",0.00970479583682678,0.00418162099635923,0.0175254130481981,0.0064592900944498,0.0127766725084382,0.167038021807036,0.118030667074057,0.0374156998030307,0.128126924876848,0.000840636283377948,0.0975966068918634,0.00438809213532601
"TCF21",0.00230167635015872,0.00111271749735091,0.0118898757517349,0.00490890648271815,0.0045024373173087,0.0617767598207037,0.0369065439181543,0.0297154367550692,0.0759249632282489,9.00675806021143e-05,0.0205893172830303,0.0038494980095562
"OGN",0.00243882614006295,0.00152518720084061,0,0.00757313534851747,0.0103774725535148,0.0313649005563648,0.00639393371848079,0.00155176606320069,0.0133695455369351,0,0.0963646673966589,0.000624576948533635
"FBLN5",0.00397940541125431,0.00433992858414145,0.0113296057230749,0.00297859053999953,0.00499383407133802,0.0173938119782656,0.00905446633973673,0.00464064723735487,0.00479088805131204,3.34802683790427e-05,0.0469410787041525,0.000830697574049365
"ISLR",0.0023237513580447,0.00823055728121807,0.00778329614621109,0.0250042502048503,0.0162860342801422,0.0750425261545951,0.0324344948225854,0.0154993308172555,0.043378730434365,0.000255801866979783,0.0619313517677968,0.000733107340367729
"RSPO3",0.0026051129603229,0.00274606436943969,0,0,0.0082183142694207,0.0052063816850052,0.0543229894480818,0,0.00139573226854749,7.2767755640704e-05,0.00704028901589165,0.000554019782166562
"LUM",0.000830656054083137,0.00148782634760746,0.00116416452012114,0.00101307017417518,0.000782072396841638,0.00741367575862713,0.00278286684640341,0.00908058277156992,0.0303903076223197,9.41052286987186e-06,0.00252668420939011,0.000198041803619208
"EBF2",0.00112278520804268,0.000961989871029709,0,0,0.000151747421593309,0.0151335373597701,0.00921428637125279,0.0346058717309431,0.0494039058981068,0.00052665452026437,0.0141965645367777,0.000568715068388055
"CCDC102B",0.0011809060517443,0.00241260438024829,0,0.00543981050799207,0.00225959939593806,0.00491387210386836,0.00162721304150201,0.0636881941441565,0.0199808556700483,8.47684797015498e-05,0.00136472146267235,0.000424220046785243
"TRIL",0.0010673159441189,0.00120168764218717,0.00631919784354219,0.0032991964760338,0.0103968330704142,0.00674405005610973,0.00725395859894338,0.019367734974432,0.0290751814947765,0.000222089896094501,0.00162953589029712,0.000219902933743006
"COX4I2",0.000294931578316213,0.00078633566635525,0,0,0.000132556263469162,0.000114263503811426,0.000169862612833124,0.0100752523470586,0.00027965826666777,0,0.000170107157648204,8.40895324099021e-06
"FOXS1",0.000140936210087053,0.000415471011901709,0.00107066674577377,0.000202558573524767,0.00128257970922834,0.00111416191692784,0.0005463456725851,0.0147148705672232,0.00143565352297392,4.99555671463942e-05,0.000635806172488283,1.32120334743665e-05
"MYL3",0.052213123315499,0.0258988232032203,0.102083679269662,0.0573022570010231,0.00695617499331541,0.010238543001561,0.0102064580446673,0.0181950734528626,0.0126004089264623,0.258216661532211,0.00575961440440629,0.223791376101581
"MYH7",0.0134911754800085,0.0163144086817132,0.0539708201227926,0.0355194302278788,0.00426828736397128,0.00379454121760061,0.00342613178469534,0.0100692857162365,0.00771135599255118,0.0422751091340523,0.00151133745654621,0.310872900070519
